state={
	id=914
	name="STATE_914"
	provinces={
		7154 7985 10037 10884 11940 12866 13335 13338 13360 13367 13372 13373 13374 13375 13383 13388 13389 13390 13393 13394 13396 13402 13405 13408 13414 13419 13420 13422 13426 13427 13431 13432 13435 13438 13439 13444 13446 13447 13451 13452 13454 13455 13457 13460 13461 13469 13473 13474 13475 13477 13479 13481 13482 13491 13494 13495 13496 13499 13505 13512 13513 13526 13529 13534 13537 13538 13539 13540 13542 13546 13547 13552 13553 13555 13556 13561 13567 13575 13576 13581 13588 
	}
	state_category = rural
	history={
		owner = LBA
		add_core_of = LBA
		victory_points = { 13575 1 }
		buildings = {
			infrastructure = 2
		}

	}
	manpower=93224
	buildings_max_level_factor=1.000
}
